[[9.10702261e-07 6.49166497e-01 6.76931585e-01 6.62867647e-01]
 [6.49166497e-01 4.19444087e-07 6.12833980e-01 6.09653830e-01]
 [6.76931585e-01 6.12833980e-01 1.70015270e-06 1.79415386e-01]
 [6.62867647e-01 6.09653830e-01 1.79415386e-01 3.90885354e-07]]
[[0.         0.88370639 1.48764396 1.49700284]
 [0.88370639 0.         1.38918402 1.38861084]
 [1.48764396 1.38918402 0.         0.19795722]
 [1.49700284 1.38861084 0.19795722 0.        ]]
